

s
1.775 0.38 5.0 
0.07
0.09, 0.078, 0.122

s
1.775 0.43 5.0 
0.0575
0.09, 0.078, 0.122

s
1.775 0.48 5.0 
0.055
0.09, 0.078, 0.122

s
1.775 0.53 5.0 
0.0525
0.09, 0.078, 0.122

s
1.775 0.58 5.0 
0.05
0.09, 0.078, 0.122

s
1.4 0.4 5.0 
0.07
0.09, 0.078, 0.122

s
1.4 0.45 5.0 
0.0575
0.09, 0.078, 0.122

s
1.4 0.5 5.0 
0.055
0.09, 0.078, 0.122

s
1.4 0.55 5.0 
0.0525
0.09, 0.078, 0.122

s
1.4 0.6 5.0 
0.05
0.09, 0.078, 0.122

s
1.55 0.0 5.0 
0.4
0.29 0.024 0.004

s
1.25 -0.2 5.0 
0.35
0.0 0.231 0.051

s
0.95 -0.35 5.0 
0.4
0.0 0.102 0.012

s
0.85 0.025 5.0 
0.425
0.0 0.231 0.051

s
0.7 0.4 5.0 
0.425
0.0 0.102 0.012

s
0.4 0.85 5.0 
0.425
0.0 0.231 0.051

s
-0.1 0.865 5.0 
0.425
0.0 0.102 0.012

s
-0.60 0.81 5.0 
0.425
0.0 0.231 0.051

s
-0.8 0.4 5.0 
0.4
0.0 0.102 0.012

s
-0.9 0.025 5.0 
0.4
0.0 0.231 0.051

s
-1.1 -0.35 5.0 
0.4
0.0 0.102 0.012

s
-1.4 -0.2 5.0 
0.35
0.0 0.231 0.051

s
-1.6 0.0 5.0 
0.3
0.0 0.102 0.012

l
15.0 9.0 -25.0