s
3.4 2.75 5.0 
1.5
0.451 0.251 0

s
0.47 0.5 5.0 
0.065
0.29 0.024 0.004

s
0.469 0.57 5.0 
0.065
0.29 0.024 0.004

s
0.469 0.64 5.0 
0.065
0.29 0.024 0.004

s
0.77 0.5 5.0 
0.065
0.29 0.024 0.004

s
0.769 0.57 5.0 
0.065
0.29 0.024 0.004

s
0.769 0.64 5.0 
0.065
0.29 0.024 0.004

s
-0.15 -0.75 5.0 
0.085
0.0 0.231 0.051

s
0.2 -0.625 5.0 
0.085
0.0 0.231 0.051

s
-0.15 -0.75 5.0 
0.085
0.0 0.231 0.051

s
-0.48 -0.6 5.0 
0.085
0.0 0.231 0.051

s
-0.55 -0.3 5.0 
0.085
0.0 0.231 0.051

s
0.6 0.2 5.0 
0.325
0.29 0.024 0.004

s
0.15 -0.2 5.0 
0.35
0.0 0.231 0.051

s
-0.15 -0.35 5.0 
0.4
0.0 0.102 0.012

s
-0.25 0.025 5.0 
0.425
0.0 0.231 0.051

s
-0.4 0.4 5.0 
0.425
0.0 0.102 0.012

s
-0.7 0.85 5.0 
0.425
0.0 0.231 0.051

s
-1.2 0.865 5.0 
0.425
0.0 0.102 0.012

s
-1.70 0.81 5.0 
0.425
0.0 0.231 0.051

s
-1.9 0.4 5.0 
0.4
0.0 0.102 0.012

s
-2.0 0.025 5.0 
0.4
0.0 0.231 0.051

s
-1.775 -0.45 5.0 
0.085
0.0 0.231 0.051

s
-2.0 -0.7 5.0 
0.085
0.0 0.231 0.051

s
-2.2 -0.35 5.0 
0.4
0.0 0.102 0.012

s
-2.5 -0.2 5.0 
0.35
0.0 0.231 0.051

s
-2.7 0.0 5.0 
0.3
0.0 0.102 0.012

s
-1.25 0.48 -5.0
0.1
1.0 1.0 1.0

s
-2.19 0.48 -5.0 
0.1
1.0 1.0 1.0

s
-3.11 0.48 -5.0 
0.1
1.0 1.0 1.0

s
1.275 -0.55 5.0 
0.3
0.031 0 0.322

s
2.2 -0.55 5.0 
0.3
0.031 0 0.322

s
3.125 -0.55 5.0 
0.3
0.031 0 0.322

s
1.275 -0.25 5.0 
0.03
0.012 0.004 0.004

s
2.2 -0.25 5.0 
0.03
0.012 0.004 0.004

s
3.125 -0.25 5.0 
0.03
0.012 0.004 0.004

s
1.275 -0.21 5.0 
0.03
0.012 0.004 0.004

s
2.2 -0.21 5.0 
0.03
0.012 0.004 0.004

s
3.125 -0.21 5.0 
0.03
0.012 0.004 0.004

s
1.275 -0.17 5.0 
0.03
0.012 0.004 0.004

s
2.2 -0.17 5.0 
0.03
0.012 0.004 0.004

s
3.125 -0.17 5.0 
0.03
0.012 0.004 0.004

s
1.275 -0.13 5.0 
0.03
0.012 0.004 0.004

s
2.2 -0.13 5.0 
0.03
0.012 0.004 0.004

s
3.125 -0.13 5.0 
0.03
0.012 0.004 0.004

s
1.31 -0.13 5.0 
0.05
0.012 0.8 0.0

s
2.235 -0.13 5.0 
0.05
0.012 0.8 0.0

s
3.160 -0.13 5.0 
0.05
0.012 0.8 0.0

l
-10.0 -1.0 -10.0